216.05,937.98 220.02,934.88 220.02,934.88
220.02,934.88 221.79,932.14 221.79,932.14
221.79,932.14 224.24,928.54 224.24,928.54
224.24,928.54 226.07,925.74 226.07,925.74
226.07,925.74 228.18,922.80 228.18,922.80
228.18,922.80 229.92,918.21 229.92,918.21
229.92,918.21 231.42,915.47 231.42,915.47
231.42,915.47 233.15,911.60 233.15,911.60
233.15,911.60 235.84,908.88 235.84,908.88
235.84,908.88 237.55,905.62 237.55,905.62
237.55,905.62 239.60,903.62 239.60,903.62
239.60,903.62 241.03,901.28 241.03,901.28
241.03,901.28 243.60,897.68 243.60,897.68
243.60,897.68 245.70,895.98 245.70,895.98
245.70,895.98 248.24,899.13 248.24,899.13
248.24,899.13 250.09,901.22 250.09,901.22
250.09,901.22 253.47,904.31 253.47,904.31
253.47,904.31 255.92,908.08 255.92,908.08
255.92,908.08 257.45,910.73 257.45,910.73
257.45,910.73 259.64,914.92 259.64,914.92
259.64,914.92 261.94,919.78 261.94,919.78
261.94,919.78 263.72,923.23 263.72,923.23
263.72,923.23 265.93,929.99 265.93,929.99
265.93,929.99 266.19,934.96 266.19,934.96
266.19,934.96 268.08,939.79 268.08,939.79
268.08,939.79 269.18,943.42 269.18,943.42
269.18,943.42 270.37,946.67 270.37,946.67
270.37,946.67 272.05,949.93 272.05,949.93
272.05,949.93 273.88,954.16 273.88,954.16
273.88,954.16 277.83,956.27 277.83,956.27
277.83,956.27 280.78,955.42 280.78,955.42
280.78,955.42 284.55,954.83 284.55,954.83
284.55,954.83 289.51,951.91 289.51,951.91
289.51,951.91 291.46,949.34 291.46,949.34
291.46,949.34 293.69,946.23 293.69,946.23
293.69,946.23 297.14,943.10 297.14,943.10
297.14,943.10 300.44,939.93 300.44,939.93
300.44,939.93 305.04,936.16 305.04,936.16
305.04,936.16 308.28,935.47 308.28,935.47
308.28,935.47 311.33,934.58 311.33,934.58
311.33,934.58 313.65,931.76 313.65,931.76
313.65,931.76 316.65,926.80 316.65,926.80
316.65,926.80 319.73,923.58 319.73,923.58
319.73,923.58 321.79,919.30 321.79,919.30
321.79,919.30 324.33,914.66 324.33,914.66
324.33,914.66 326.94,911.14 326.94,911.14
326.94,911.14 329.09,907.68 329.09,907.68
329.09,907.68 331.84,902.84 331.84,902.84
331.84,902.84 333.40,900.13 333.40,900.13
333.40,900.13 334.49,896.38 334.49,896.38
334.49,896.38 336.03,893.47 336.03,893.47
336.03,893.47 338.26,890.46 338.26,890.46
338.26,890.46 340.92,886.76 340.92,886.76
340.92,886.76 343.28,882.07 343.28,882.07
343.28,882.07 346.53,878.16 346.53,878.16
346.53,878.16 348.03,874.29 348.03,874.29
348.03,874.29 348.88,870.58 348.88,870.58
348.88,870.58 350.68,867.82 350.68,867.82
350.68,867.82 351.90,864.23 351.90,864.23
351.90,864.23 353.33,861.15 353.33,861.15
353.33,861.15 356.15,857.18 356.15,857.18
356.15,857.18 357.95,852.10 357.95,852.10
357.95,852.10 358.51,849.10 358.51,849.10
358.51,849.10 360.51,844.07 360.51,844.07
360.51,844.07 360.98,841.03 360.98,841.03
360.98,841.03 361.73,836.44 361.73,836.44
361.73,836.44 363.14,833.84 363.14,833.84
363.14,833.84 364.27,831.09 364.27,831.09
364.27,831.09 364.72,826.22 364.72,826.22
364.72,826.22 367.41,822.91 367.41,822.91
367.41,822.91 369.55,817.96 369.55,817.96
369.55,817.96 369.74,815.45 369.74,815.45
369.74,815.45 369.96,810.34 369.96,810.34
369.96,810.34 372.62,805.01 372.62,805.01
372.62,805.01 372.60,799.96 372.60,799.96
372.60,799.96 373.77,795.87 373.77,795.87
373.77,795.87 374.90,790.36 374.90,790.36
374.90,790.36 377.15,785.87 377.15,785.87
377.15,785.87 378.49,780.71 378.49,780.71
378.49,780.71 379.57,775.86 379.57,775.86
379.57,775.86 380.31,764.44 380.31,764.44
380.31,764.44 383.41,754.01 383.41,754.01
383.41,754.01 386.02,747.35 386.02,747.35
386.02,747.35 386.55,738.59 386.55,738.59
386.55,738.59 387.51,731.56 387.51,731.56
387.51,731.56 388.63,726.92 388.63,726.92
388.63,726.92 390.34,717.49 390.34,717.49
390.34,717.49 391.58,711.34 391.58,711.34
391.58,711.34 393.84,705.22 393.84,705.22
393.84,705.22 395.90,697.96 395.90,697.96
395.90,697.96 398.81,690.02 398.81,690.02
398.81,690.02 400.87,686.50 400.87,686.50
400.87,686.50 401.52,680.17 401.52,680.17
401.52,680.17 402.39,675.52 402.39,675.52
402.39,675.52 403.65,670.50 403.65,670.50
403.65,670.50 404.25,662.47 404.25,662.47
404.25,662.47 405.84,658.46 405.84,658.46
405.84,658.46 406.73,654.10 406.73,654.10
406.73,654.10 408.20,648.92 408.20,648.92
408.20,648.92 410.38,643.01 410.38,643.01
410.38,643.01 411.57,636.85 411.57,636.85
411.57,636.85 414.55,629.71 414.55,629.71
414.55,629.71 417.05,623.89 417.05,623.89
417.05,623.89 417.72,616.69 417.72,616.69
417.72,616.69 421.84,608.66 421.84,608.66
421.84,608.66 450.28,608.00 450.28,608.00
450.28,608.00 451.69,604.93 451.69,604.93
451.69,604.93 453.29,565.44 453.29,565.44
453.29,565.44 456.21,562.46 456.21,562.46
456.21,562.46 457.63,482.05 457.63,482.05
457.63,482.05 460.07,479.79 460.07,479.79
460.07,479.79 462.02,442.64 462.02,442.64
462.02,442.64 469.41,442.18 469.41,442.18
469.41,442.18 477.61,442.28 477.61,442.28
477.61,442.28 485.95,442.07 485.95,442.07
485.95,442.07 493.90,441.98 493.90,441.98
493.90,441.98 501.89,442.08 501.89,442.08
501.89,442.08 511.65,442.02 511.65,442.02
