359.19,921.09 358.13,925.40 364.98,921.60
374.66,917.00 381.26,908.77 381.26,908.77
381.26,908.77 387.43,898.08 387.43,898.08
387.43,898.08 391.16,889.34 391.16,889.34
391.16,889.34 395.37,877.61 395.37,877.61
395.37,877.61 398.66,863.80 398.66,863.80
398.66,863.80 403.02,851.54 403.02,851.54
403.02,851.54 406.99,833.84 406.99,833.84
406.99,833.84 410.70,821.82 410.70,821.82
410.70,821.82 413.33,810.64 413.33,810.64
413.33,810.64 414.72,795.82 414.72,795.82
414.72,795.82 417.53,784.37 417.53,784.37
417.53,784.37 420.78,773.91 420.78,773.91
420.78,773.91 422.88,760.64 422.88,760.64
422.88,760.64 425.52,749.32 425.52,749.32
425.52,749.32 428.66,739.72 428.66,739.72
428.66,739.72 435.19,738.26 435.19,738.26
435.19,738.26 442.62,735.22 442.62,735.22
442.62,735.22 444.82,728.70 444.82,728.70
444.82,728.70 446.51,719.26 446.51,719.26
446.51,719.26 448.55,711.00 448.55,711.00
448.55,711.00 450.50,702.18 450.50,702.18
450.50,702.18 450.51,695.11 450.51,695.11
450.51,695.11 452.77,683.56 452.77,683.56
452.77,683.56 452.53,675.04 452.53,675.04
452.53,675.04 453.47,664.82 453.47,664.82
453.47,664.82 454.56,654.72 454.56,654.72
454.56,654.72 455.45,647.09 455.45,647.09
455.45,647.09 456.80,639.13 456.80,639.13
456.80,639.13 458.45,632.10 458.45,632.10
458.45,632.10 458.86,623.38 458.86,623.38
458.86,623.38 462.28,616.63 462.28,616.63
462.28,616.63 463.48,606.83 463.48,606.83
463.48,606.83 464.42,599.45 464.42,599.45
464.42,599.45 466.09,594.30 466.09,594.30
466.09,594.30 469.27,587.95 469.27,587.95
469.27,587.95 476.48,593.35 476.48,593.35
476.48,593.35 478.84,600.98 478.84,600.98
478.84,600.98 479.71,610.28 479.71,610.28
479.71,610.28 481.52,622.54 481.52,622.54
481.52,622.54 481.58,634.17 481.58,634.17
481.58,634.17 482.59,642.34 482.59,642.34
482.59,642.34 482.86,652.69 482.86,652.69
482.86,652.69 483.22,662.25 483.22,662.25
483.22,662.25 483.80,672.72 483.80,672.72
483.80,672.72 485.35,684.48 485.35,684.48
485.35,684.48 493.39,683.29 493.39,683.29
493.39,683.29 496.82,671.53 496.82,671.53
496.82,671.53 498.94,659.53 498.94,659.53
498.94,659.53 499.79,648.45 499.79,648.45
499.79,648.45 502.10,640.17 502.10,640.17
502.10,640.17 505.32,631.88 505.32,631.88
505.32,631.88 508.58,621.55 508.58,621.55
508.58,621.55 510.35,613.88 510.35,613.88
510.35,613.88 511.22,605.92 511.22,605.92
511.22,605.92 513.13,595.97 513.13,595.97
513.13,595.97 515.92,583.89 515.92,583.89
515.92,583.89 519.58,574.60 519.58,574.60
519.58,574.60 522.51,563.66 522.51,563.66
522.51,563.66 524.69,556.38 524.69,556.38
524.69,556.38 526.66,543.92 526.66,543.92
526.66,543.92 526.91,535.91 526.91,535.91
526.91,535.91 530.61,528.11 530.61,528.11
530.61,528.11 530.79,520.89 530.79,520.89
530.79,520.89 535.11,513.69 535.11,513.69
535.11,513.69 541.10,508.08 541.10,508.08
541.10,508.08 544.11,507.52 544.11,507.52
544.11,507.52 548.95,507.48 548.95,507.48
548.95,507.48 552.70,507.38 552.70,507.38
552.70,507.38 557.56,507.58 557.56,507.58
557.56,507.58 560.90,504.43 560.90,504.43
560.90,504.43 563.09,501.77 563.09,501.77
563.09,501.77 564.83,499.38 564.83,499.38
564.83,499.38 567.63,496.00 567.63,496.00
567.63,496.00 571.81,495.40 571.81,495.40
571.81,495.40 574.82,495.66 574.82,495.66
574.82,495.66 580.10,494.43 580.10,494.43
580.10,494.43 581.65,492.44 581.65,492.44
581.65,492.44 585.36,490.60 585.36,490.60
585.36,490.60 591.13,490.93 591.13,490.93
591.13,490.93 596.41,490.26 596.41,490.26
596.41,490.26 600.04,490.53 600.04,490.53
600.04,490.53 602.77,488.50 602.77,488.50
602.77,488.50 604.95,485.77 604.95,485.77
604.95,485.77 608.47,485.89 608.47,485.89
608.47,485.89 611.25,485.81 611.25,485.81
611.25,485.81 611.75,479.95 611.75,479.95
611.75,479.95 612.22,474.64 612.22,474.64
612.22,474.64 612.69,467.82 612.69,467.82
612.69,467.82 612.75,465.14 612.75,465.14
612.75,465.14 613.60,460.37 613.60,460.37
613.60,460.37 613.01,457.03 613.01,457.03
613.01,457.03 615.04,454.70 615.04,454.70
615.04,454.70 615.63,449.48 615.63,449.48
615.63,449.48 615.70,444.58 615.70,444.58
615.70,444.58 615.77,440.34 615.77,440.34
615.77,440.34 615.69,436.00 615.69,436.00
615.69,436.00 616.03,430.40 616.03,430.40
616.03,430.40 616.41,424.78 616.41,424.78
616.41,424.78 616.73,419.22 616.73,419.22
616.73,419.22 617.17,413.99 617.17,413.99
617.17,413.99 616.93,408.72 616.93,408.72
616.93,408.72 616.97,405.56 616.97,405.56
616.97,405.56 617.43,401.20 617.43,401.20
617.43,401.20 617.43,397.88 617.43,397.88
617.43,397.88 619.98,394.25 619.98,394.25
619.98,394.25 619.98,388.91 619.98,388.91
619.98,388.91 620.00,384.93 620.00,384.93
620.00,384.93 620.62,380.88 620.62,380.88
620.62,380.88 620.23,376.81 620.23,376.81
620.23,376.81 620.01,370.63 620.01,370.63
620.01,370.63 621.64,367.44 621.64,367.44
621.64,367.44 625.61,368.80 625.61,368.80
625.61,368.80 630.08,368.47 630.08,368.47
630.08,368.47 633.44,368.36 633.44,368.36
633.44,368.36 639.03,368.05 639.03,368.05
