215.30,669.77 217.88,669.95 217.88,669.95
217.88,669.95 221.20,668.93 221.20,668.93
221.20,668.93 222.63,666.94 222.63,666.94
222.63,666.94 224.13,666.92 224.13,666.92
224.13,666.92 226.18,666.64 226.18,666.64
226.18,666.64 227.05,665.39 227.05,665.39
227.05,665.39 227.87,663.63 227.87,663.63
227.87,663.63 229.04,661.88 229.04,661.88
229.04,661.88 231.01,661.88 231.01,661.88
231.01,661.88 232.91,661.37 232.91,661.37
232.91,661.37 235.04,659.97 235.04,659.97
235.04,659.97 236.09,658.90 236.09,658.90
236.09,658.90 237.26,657.71 237.26,657.71
237.26,657.71 238.40,656.70 238.40,656.70
238.40,656.70 239.93,655.28 239.93,655.28
239.93,655.28 241.72,653.52 241.72,653.52
241.72,653.52 243.73,651.75 243.73,651.75
243.73,651.75 244.55,650.15 244.55,650.15
244.55,650.15 245.34,648.39 245.34,648.39
245.34,648.39 246.59,646.04 246.59,646.04
246.59,646.04 248.01,643.45 248.01,643.45
248.01,643.45 249.35,642.01 249.35,642.01
249.35,642.01 250.35,640.22 250.35,640.22
250.35,640.22 251.35,638.37 251.35,638.37
251.35,638.37 252.73,636.74 252.73,636.74
252.73,636.74 254.50,634.64 254.50,634.64
254.50,634.64 256.02,632.55 256.02,632.55
256.02,632.55 257.86,631.05 257.86,631.05
257.86,631.05 259.21,629.87 259.21,629.87
259.21,629.87 260.36,628.63 260.36,628.63
260.36,628.63 261.23,626.80 261.23,626.80
261.23,626.80 262.54,625.04 262.54,625.04
262.54,625.04 264.11,623.31 264.11,623.31
264.11,623.31 265.87,622.10 265.87,622.10
265.87,622.10 267.95,620.96 267.95,620.96
267.95,620.96 269.67,621.07 269.67,621.07
269.67,621.07 271.13,622.95 271.13,622.95
271.13,622.95 272.28,624.80 272.28,624.80
272.28,624.80 273.92,627.06 273.92,627.06
273.92,627.06 275.48,629.15 275.48,629.15
275.48,629.15 277.43,632.56 277.43,632.56
277.43,632.56 278.22,634.92 278.22,634.92
278.22,634.92 279.07,637.27 279.07,637.27
279.07,637.27 279.74,639.83 279.74,639.83
279.74,639.83 279.90,641.65 279.90,641.65
279.90,641.65 280.10,643.88 280.10,643.88
280.10,643.88 281.10,645.93 281.10,645.93
281.10,645.93 281.97,648.69 281.97,648.69
281.97,648.69 282.82,652.44 282.82,652.44
282.82,652.44 283.38,655.78 283.38,655.78
283.38,655.78 284.52,657.67 284.52,657.67
284.52,657.67 286.38,659.71 286.38,659.71
286.38,659.71 287.72,660.94 287.72,660.94
287.72,660.94 290.18,660.19 290.18,660.19
290.18,660.19 291.67,659.34 291.67,659.34
291.67,659.34 293.63,658.69 293.63,658.69
293.63,658.69 294.70,657.91 294.70,657.91
294.70,657.91 296.08,656.40 296.08,656.40
296.08,656.40 297.45,654.88 297.45,654.88
297.45,654.88 298.50,653.24 298.50,653.24
298.50,653.24 299.92,650.61 299.92,650.61
299.92,650.61 301.42,648.72 301.42,648.72
301.42,648.72 302.38,647.04 302.38,647.04
302.38,647.04 304.26,644.90 304.26,644.90
304.26,644.90 305.00,642.46 305.00,642.46
305.00,642.46 305.50,641.11 305.50,641.11
305.50,641.11 306.49,639.35 306.49,639.35
306.49,639.35 307.21,637.77 307.21,637.77
307.21,637.77 308.28,635.83 308.28,635.83
308.28,635.83 309.18,633.87 309.18,633.87
309.18,633.87 309.98,632.05 309.98,632.05
309.98,632.05 310.39,630.86 310.39,630.86
310.39,630.86 310.41,628.48 310.41,628.48
310.41,628.48 311.20,626.06 311.20,626.06
311.20,626.06 313.46,627.17 313.46,627.17
313.46,627.17 315.33,630.08 315.33,630.08
315.33,630.08 315.87,632.02 315.87,632.02
315.87,632.02 316.95,633.69 316.95,633.69
316.95,633.69 318.04,635.01 318.04,635.01
318.04,635.01 319.59,635.48 319.59,635.48
319.59,635.48 320.55,633.26 320.55,633.26
320.55,633.26 320.73,630.47 320.73,630.47
320.73,630.47 321.21,628.23 321.21,628.23
321.21,628.23 321.57,626.20 321.57,626.20
321.57,626.20 322.50,624.20 322.50,624.20
322.50,624.20 322.87,622.41 322.87,622.41
322.87,622.41 323.60,620.65 323.60,620.65
323.60,620.65 323.96,618.98 323.96,618.98
323.96,618.98 325.54,616.78 325.54,616.78
325.54,616.78 326.18,614.32 326.18,614.32
326.18,614.32 326.61,611.67 326.61,611.67
326.61,611.67 327.69,609.31 327.69,609.31
327.69,609.31 328.75,607.05 328.75,607.05
328.75,607.05 329.55,604.39 329.55,604.39
329.55,604.39 330.25,601.56 330.25,601.56
330.25,601.56 331.25,600.20 331.25,600.20
331.25,600.20 332.54,597.59 332.54,597.59
332.54,597.59 332.98,595.45 332.98,595.45
332.98,595.45 333.52,593.60 333.52,593.60
333.52,593.60 335.29,592.25 335.29,592.25
335.29,592.25 336.96,588.58 336.96,588.58
336.96,588.58 337.60,586.58 337.60,586.58
337.60,586.58 339.02,585.02 339.02,585.02
339.02,585.02 339.80,582.41 339.80,582.41
339.80,582.41 340.96,580.17 340.96,580.17
340.96,580.17 342.06,579.08 342.06,579.08
342.06,579.08 342.77,577.80 342.77,577.80
342.77,577.80 344.45,575.84 344.45,575.84
344.45,575.84 346.05,573.63 346.05,573.63
346.05,573.63 346.87,572.35 346.87,572.35
346.87,572.35 349.00,570.88 349.00,570.88
349.00,570.88 350.52,569.37 350.52,569.37
350.52,569.37 352.40,567.77 352.40,567.77
352.40,567.77 352.71,565.95 352.71,565.95
352.71,565.95 354.62,560.96 354.62,560.96
354.62,560.96 356.18,560.53 356.18,560.53
356.18,560.53 358.42,559.54 358.42,559.54
358.42,559.54 360.23,559.20 360.23,559.20
360.23,559.20 361.41,557.65 361.41,557.65
361.41,557.65 363.53,558.03 363.53,558.03
363.53,558.03 365.41,559.65 365.41,559.65
365.41,559.65 367.85,560.25 367.85,560.25
367.85,560.25 370.36,560.31 370.36,560.31
370.36,560.31 372.99,560.41 372.99,560.41
372.99,560.41 375.41,560.08 375.41,560.08
375.41,560.08 378.25,560.22 378.25,560.22
378.25,560.22 380.86,560.40 380.86,560.40
380.86,560.40 382.18,560.40 382.18,560.40
382.18,560.40 382.18,559.08 382.18,559.08
382.18,559.08 382.46,557.82 382.46,557.82
382.46,557.82 384.00,499.96 384.00,499.96
384.00,499.96 385.93,498.66 385.93,498.66
385.93,498.66 389.54,379.40 389.54,379.40
389.54,379.40 391.31,377.54 391.31,377.54
391.31,377.54 393.07,318.16 393.07,318.16
393.07,318.16 396.13,317.99 396.13,317.99
396.13,317.99 399.15,318.39 399.15,318.39
399.15,318.39 401.13,318.37 401.13,318.37
401.13,318.37 404.11,318.02 404.11,318.02
404.11,318.02 406.02,318.04 406.02,318.04
406.02,318.04 408.21,318.12 408.21,318.12
