337.57,953.24 423.71,952.96 423.71,952.96
423.71,952.96 433.49,944.20 433.49,944.20
433.49,944.20 437.86,934.59 437.86,934.59
437.86,934.59 441.07,929.91 441.07,929.91
441.07,929.91 446.55,918.62 446.55,918.62
446.55,918.62 452.11,910.46 452.11,910.46
452.11,910.46 456.18,902.13 456.18,902.13
456.18,902.13 460.04,891.30 460.04,891.30
460.04,891.30 460.81,884.05 460.81,884.05
460.81,884.05 463.98,874.94 463.98,874.94
463.98,874.94 465.38,864.07 465.38,864.07
465.38,864.07 466.58,856.15 466.58,856.15
466.58,856.15 469.99,847.66 469.99,847.66
469.99,847.66 470.38,841.68 470.38,841.68
470.38,841.68 471.13,833.63 471.13,833.63
471.13,833.63 471.61,821.78 471.61,821.78
471.61,821.78 472.42,813.64 472.42,813.64
472.42,813.64 475.47,801.67 475.47,801.67
475.47,801.67 476.04,791.18 476.04,791.18
476.04,791.18 477.85,777.82 477.85,777.82
477.85,777.82 478.24,768.94 478.24,768.94
478.24,768.94 481.47,762.70 481.47,762.70
481.47,762.70 482.44,751.37 482.44,751.37
482.44,751.37 482.04,742.14 482.04,742.14
482.04,742.14 484.94,733.99 484.94,733.99
484.94,733.99 485.67,725.16 485.67,725.16
485.67,725.16 485.99,716.06 485.99,716.06
485.99,716.06 489.01,703.82 489.01,703.82
489.01,703.82 491.40,688.38 491.40,688.38
491.40,688.38 492.29,675.83 492.29,675.83
492.29,675.83 495.08,660.87 495.08,660.87
495.08,660.87 498.55,648.97 498.55,648.97
498.55,648.97 502.74,631.93 502.74,631.93
502.74,631.93 506.59,621.88 506.59,621.88
506.59,621.88 507.20,613.68 507.20,613.68
507.20,613.68 508.19,601.30 508.19,601.30
508.19,601.30 511.87,591.23 511.87,591.23
511.87,591.23 514.27,583.09 514.27,583.09
514.27,583.09 515.37,572.93 515.37,572.93
515.37,572.93 518.93,561.44 518.93,561.44
518.93,561.44 522.21,554.09 522.21,554.09
522.21,554.09 524.64,547.24 524.64,547.24
524.64,547.24 524.65,538.25 524.65,538.25
524.65,538.25 527.90,527.18 527.90,527.18
527.90,527.18 530.76,522.79 530.76,522.79
530.76,522.79 535.50,513.96 535.50,513.96
535.50,513.96 537.58,502.56 537.58,502.56
537.58,502.56 541.03,495.35 541.03,495.35
541.03,495.35 549.31,495.35 549.31,495.35
549.31,495.35 554.99,499.00 554.99,499.00
554.99,499.00 560.19,495.72 560.19,495.72
560.19,495.72 564.18,493.61 564.18,493.61
564.18,493.61 572.67,493.20 572.67,493.20
572.67,493.20 579.20,494.20 579.20,494.20
579.20,494.20 582.04,463.37 582.04,463.37
582.04,463.37 587.19,455.87 587.19,455.87
587.19,455.87 588.45,391.85 588.45,391.85
588.45,391.85 590.47,384.28 590.47,384.28
590.47,384.28 593.08,352.93 593.08,352.93
593.08,352.93 634.03,350.97 634.03,350.97
